Jan2020: 0.04784688995215311
Feb2020: 0.1945578231292517
Mar2020: 0.2851851851851852
Apr2020: 0.24927953890489912
May2020: 0.10249307479224377
Jun2020: 0.18912529550827423
Jul2020: 0.26243093922651933
Aug2020: 0.056847545219638244
Sep2020: 0.108
Oct2020: 0.1087378640776699
Nov2020: 0.366120218579235
Dec2020: 0.09278350515463918
Jan2021: 0.27019498607242337
Feb2021: 0.06884057971014493
Mar2021: 0.34649122807017546
Apr2021: 0.1392757660167131
May2021: 0.08582089552238806
Jun2021: 0.06
Jul2021: 0.05776173285198556
Aug2021: 0.24149659863945577
Sep2021: 0.0
