Jan2020: 0.10752688172043011
Feb2020: 0.27491408934707906
Mar2020: 0.043478260869565216
Apr2020: 0.2710997442455243
May2020: 0.12465373961218837
Jun2020: 0.25257731958762886
Jul2020: 0.3011049723756906
Aug2020: 0.08785529715762273
Sep2020: 0.156
Oct2020: 0.11704834605597965
Nov2020: 0.3989071038251366
Dec2020: 0.12371134020618557
Jan2021: 0.28690807799442897
Feb2021: 0.06884057971014493
Mar2021: 0.3508771929824561
Apr2021: 0.17548746518105848
May2021: 0.10820895522388059
Jun2021: 0.06
Jul2021: 0.07942238267148015
Aug2021: 0.2891156462585034
Sep2021: 0.0
