Jan2020: 0.06451612903225806
Feb2020: 0.21305841924398625
Mar2020: 0.023411371237458192
Apr2020: 0.22506393861892582
May2020: 0.10249307479224377
Jun2020: 0.20618556701030927
Jul2020: 0.26243093922651933
Aug2020: 0.056847545219638244
Sep2020: 0.108
Oct2020: 0.07124681933842239
Nov2020: 0.366120218579235
Dec2020: 0.09278350515463918
Jan2021: 0.27019498607242337
Feb2021: 0.06884057971014493
Mar2021: 0.34649122807017546
Apr2021: 0.1392757660167131
May2021: 0.08582089552238806
Jun2021: 0.06
Jul2021: 0.05776173285198556
Aug2021: 0.24149659863945577
Sep2021: 0.0
